   1.60000008E-02   1.75132197E-06
   3.79999988E-02   6.52200242E-07
   7.69999996E-02   3.13632910E-07
  0.136999995       1.98206010E-07
  0.224000007       1.32750017E-07
  0.344999999       9.31950055E-08
  0.505999982       6.91479798E-08
  0.713999987       5.57099931E-08
  0.975000024       4.52350086E-08
   1.29700005       3.73860161E-08
   1.68700004       3.29690089E-08
   2.15300012       2.95830045E-08
   2.70099998       2.70096638E-08
   3.33999991       2.50382524E-08
   4.07700014       2.36114186E-08
   4.92000008       2.24597922E-08
   5.87799978       2.15729177E-08
   6.95699978       2.09831228E-08
   8.16499996       2.05739159E-08
   9.51200008       2.03161665E-08
   11.0039997       2.01238759E-08
   12.6490002       1.99794155E-08
   14.4560003       1.98676666E-08
   16.4319992       1.97337489E-08
   18.5849991       1.95974188E-08
   20.9220009       1.94344167E-08
   23.4529991       1.91785841E-08
   26.1830006       1.88644176E-08
   29.1210003       1.84234565E-08
   32.2739983       1.78610833E-08
   35.6510010       1.73475829E-08
   39.2570000       1.68894587E-08
   43.0999985       1.66202501E-08
   47.1879997       1.64734164E-08
   51.5279999       1.65971272E-08
   56.1259995       1.70315833E-08
   60.9889984       1.79364985E-08
   66.1250000       1.92349585E-08
   71.5400009       2.11201652E-08
   77.2399979       2.31377939E-08
   83.2310028       2.54881254E-08
   89.5199966       2.78204997E-08
   96.1139984       3.03360821E-08
   103.016998       3.27907479E-08
   110.237000       3.53071208E-08
   117.777000       3.77877960E-08
   125.646004       4.01350455E-08
   133.845993       4.23377493E-08
   142.384995       4.44916246E-08
   151.266006       4.66409951E-08
   160.496002       4.87527068E-08
   170.078003       5.09218374E-08
   180.018005       5.35620863E-08
   190.320007       5.61499256E-08
   200.988998       5.88894160E-08
   212.028000       6.20436253E-08
   223.440994       6.51369092E-08
   235.233994       6.81083705E-08
   247.408005       7.07863350E-08
   259.968994       7.34132968E-08
   272.919006       7.59185852E-08
   286.261993       7.76225804E-08
   300.000000       7.92562602E-08
   314.136993       8.08320806E-08
   328.674988       8.20555854E-08
   343.618011       8.30514182E-08
   358.966003       8.39985361E-08
   374.723999       8.46932906E-08
   390.893005       8.52628332E-08
   407.473999       8.57496616E-08
   424.470001       8.61191722E-08
   441.881989       8.64682121E-08
   459.712006       8.67534595E-08
   477.960999       8.70253700E-08
   496.630005       8.72634303E-08
   515.719971       8.75048372E-08
   535.231995       8.77803714E-08
   555.166992       8.80723761E-08
   575.525024       8.84075391E-08
   596.306030       8.87728433E-08
   617.510986       8.92013290E-08
   639.140015       8.96488856E-08
   661.192017       9.01388830E-08
   683.666992       9.06747459E-08
   706.565002       9.12138560E-08
   729.885986       9.17297527E-08
   753.627991       9.22679533E-08
   777.789978       9.28162081E-08
   802.370972       9.33481275E-08
   827.370972       9.38879552E-08
   852.788025       9.46505452E-08
   878.619995       9.54141584E-08
   904.866028       9.59459143E-08
   931.523987       9.65597096E-08
   958.591003       9.71716645E-08
   986.067017       9.77731531E-08
   1013.94800       9.83305881E-08
   1042.23206       9.88742599E-08
   1070.91699       9.94620493E-08
   1100.00000       1.00099960E-07
